55.532618836405945
70.22715256624869
180.99476488748638
45.031125774812224
119.32229531795132
59.308624824894956
47.25454615082705
15.148560404565352
58.49882312205843
57.675470385843546
60.608068216672855
104.37509004889286
41.04767762449904
54.63450873489801
88.62632045942684
15.6718085483299
87.61128027060924
27.45531061784897
175.04880528280304
21.779927617714467
110.43770417585279
123.01310288287523
48.41769696063273
34.85678605269416
107.51091780630765
47.77198283330742
69.10126931643869
51.79049486777319
70.80557333534205
37.335081643767786
54.46240602225953
89.70669876681221
29.24045902836265
118.60154826029988
83.57458760577723
34.03924477776346
105.63090328932472
23.272711007871983
71.4691925280005
96.81941696674231
